C:\Users\Kropla\PycharmProjects\WstecznaPropagacjaBledu\.venv\Scripts\python.exe C:\Users\Kropla\PycharmProjects\WstecznaPropagacjaBledu\main.py 
Epoka 1/10000, Strata: 0.9691917921258743
Epoka 1001/10000, Strata: 0.0002384218621781409
Epoka 2001/10000, Strata: 2.7209960794761357e-05
Epoka 3001/10000, Strata: 7.812764343584265e-06
Epoka 4001/10000, Strata: 3.3021512503100694e-06
Epoka 5001/10000, Strata: 1.7853794117640024e-06
Epoka 6001/10000, Strata: 1.0761612472639925e-06
Epoka 7001/10000, Strata: 6.765502111803162e-07
Epoka 8001/10000, Strata: 4.757194983314694e-07
Epoka 9001/10000, Strata: 3.565279458458069e-07
[9.99979864e-01 2.85905724e-25 2.00344299e-05 7.82907510e-15
 3.44610486e-22 1.38782216e-09 9.96685437e-08 1.75395120e-16
 4.33352174e-11 4.31741561e-22]
[2.25834414e-20 4.66662859e-17 3.56516801e-14 1.47227647e-12
 1.61901496e-08 1.92782714e-14 1.17620995e-26 2.95316301e-10
 9.99999982e-01 1.68847053e-09]
[4.47672151e-07 2.32829024e-02 1.25692605e-09 7.04803776e-07
 5.40764705e-05 2.27435328e-06 2.03100276e-10 9.57488426e-01
 2.83090925e-06 1.91683356e-02]
[1.48927794e-28 3.66742239e-48 1.00000000e+00 1.20528205e-28
 6.64887244e-27 2.09519320e-30 8.34639691e-26 1.07857668e-46
 2.46275665e-21 9.57799820e-36]
[5.46914612e-24 5.95195454e-20 5.20537640e-19 2.61399299e-10
 9.96877063e-01 8.42413542e-13 9.70747956e-18 1.09967110e-11
 2.53358666e-03 5.89349812e-04]
[1.00142666e-04 5.93054350e-34 2.34564165e-12 7.73747895e-08
 6.47168906e-21 1.62284133e-06 1.02756390e-15 9.82668399e-18
 9.99898157e-01 2.75955766e-20]
[3.31575173e-16 4.30340094e-24 3.46272699e-16 9.99998294e-01
 2.37304035e-14 1.70018163e-06 4.23562266e-28 1.28678588e-12
 5.86821570e-09 5.46666177e-16]
[1.12647755e-08 1.07979815e-18 2.22602568e-05 1.55867946e-07
 6.63362671e-12 3.92368054e-11 1.31092148e-18 9.99342261e-01
 1.14119481e-06 6.34170040e-04]
[2.50031349e-16 9.99999964e-01 1.45289077e-18 7.10992512e-12
 1.59511627e-08 1.09450766e-09 1.57825303e-15 1.17713721e-09
 1.81951416e-08 9.05164423e-13]
[1.88505396e-11 6.44768773e-30 1.61821970e-10 5.20625616e-20
 2.52769939e-02 7.51184153e-08 3.75619244e-07 2.50518882e-07
 3.59721560e-09 9.74722301e-01]
[1.00000000e+00 9.47425757e-39 4.83713144e-10 5.76589166e-27
 9.79552111e-45 1.03064367e-13 7.90299543e-12 2.61164962e-26
 1.21372647e-19 1.17854876e-30]
[1.69827763e-16 8.25436909e-05 2.36778790e-10 5.81382101e-11
 6.75776539e-11 5.68753597e-09 2.83708612e-19 3.43848539e-15
 9.99917450e-01 5.43182278e-11]
[6.15602204e-11 7.98951140e-10 7.00023105e-05 1.58944724e-15
 1.15814697e-14 9.13958315e-15 5.37254010e-16 2.71342761e-15
 9.99929997e-01 1.02664002e-15]
[1.40061244e-13 6.06007911e-26 3.56235062e-10 6.75746455e-16
 3.07309401e-05 5.80799145e-13 3.81213470e-15 1.89596300e-11
 6.64365338e-11 9.99969269e-01]
[1.93563008e-11 2.60957757e-12 4.24065451e-13 9.39603512e-19
 2.22064999e-10 2.67714528e-11 5.11473752e-15 8.71413042e-12
 9.99999986e-01 1.37311408e-08]
[1.68195006e-14 2.06982446e-01 9.29660516e-10 2.07602761e-06
 1.17106430e-08 1.92966826e-03 4.06262709e-14 2.18337492e-09
 7.91085707e-01 8.77319964e-08]
[9.99332611e-01 3.51963710e-22 6.89558957e-13 2.92900480e-10
 7.07334066e-20 3.69990808e-05 8.85773518e-10 6.30361561e-04
 2.70221605e-08 5.67615457e-15]
[7.75396587e-20 7.64077443e-08 6.77335879e-15 2.09108270e-11
 1.54173215e-08 1.74935243e-15 7.53695216e-23 9.99999151e-01
 1.77406151e-09 7.55743668e-07]
[5.68137033e-13 1.89382912e-24 2.79228949e-16 9.95317806e-01
 1.81466995e-18 4.68219361e-03 6.41819563e-23 3.80929227e-19
 6.76174114e-12 1.28227548e-25]
[7.59125481e-16 2.04266315e-14 2.35128146e-12 4.39433629e-03
 7.31981299e-08 3.36538137e-05 3.31199198e-20 5.11107202e-14
 9.95571937e-01 1.56289703e-17]
[6.11146985e-16 1.21795075e-05 9.17394196e-01 8.18162770e-02
 1.16461560e-10 6.08943756e-20 9.26167010e-18 1.37513929e-04
 6.39831112e-04 2.39219509e-09]
[1.10397044e-11 5.45220496e-29 1.66568046e-09 9.15478202e-06
 4.91497620e-09 1.06642853e-05 9.74629203e-11 4.44436929e-07
 3.40814405e-09 9.99979726e-01]
[3.85129668e-29 9.99999999e-01 1.18989010e-15 5.48839534e-12
 8.63332005e-13 4.26006361e-17 8.02144649e-19 5.28534212e-15
 1.27693890e-09 4.33017530e-16]
[1.80720781e-12 5.30221708e-13 1.10785285e-13 1.24901403e-17
 2.02089511e-22 8.90198381e-15 1.00000000e+00 3.54599626e-24
 9.19459512e-16 2.64518567e-25]
[1.78049303e-10 3.90136679e-08 7.38577386e-06 1.00288675e-13
 1.50593083e-09 1.06199861e-10 2.88321322e-14 9.99982865e-01
 2.04360391e-07 9.50395381e-06]
[6.46762750e-10 9.99997800e-01 8.15856587e-17 3.31317869e-11
 1.03675125e-07 1.84506313e-06 5.48651755e-10 8.92071965e-11
 2.49147702e-07 3.43086651e-10]
[2.57602973e-05 3.79616290e-19 5.37726918e-07 6.81413884e-11
 4.46219206e-06 2.04236335e-03 9.97920676e-01 2.30865968e-16
 1.27261597e-07 6.07309755e-06]
[3.75173287e-27 1.18341461e-19 4.91455957e-08 9.99999925e-01
 1.58886967e-25 2.59817200e-08 3.28883075e-28 2.13934736e-27
 3.80565597e-14 1.36311108e-37]
[2.10520575e-20 6.49063250e-14 9.99715418e-01 2.73101501e-11
 4.53545224e-23 1.73471320e-12 3.77764805e-12 1.10090573e-25
 2.84582216e-04 9.98523991e-32]
[3.97297570e-19 9.99983140e-01 3.16690383e-12 8.77091861e-07
 1.28290136e-05 3.41150067e-11 1.71468158e-14 2.95818657e-06
 1.92943342e-07 2.54901994e-09]
[1.38499634e-19 9.99999887e-01 1.12717212e-07 1.00365726e-12
 1.34625471e-18 4.38830213e-21 3.17072870e-16 7.42262127e-17
 1.88679727e-10 7.67709000e-20]
[6.24913961e-16 8.38982234e-07 4.35921141e-08 1.63407634e-04
 1.84802515e-12 1.04396182e-10 4.37614399e-17 3.45880961e-15
 9.99835710e-01 1.24117907e-14]
[9.99999999e-01 2.35968289e-34 6.81003190e-10 2.76243899e-24
 8.52969531e-36 3.81485605e-10 1.50127935e-12 8.10564980e-25
 4.06807817e-13 9.02669321e-28]
[2.89558277e-11 4.30034363e-05 5.92888549e-14 5.84687526e-06
 4.46926330e-08 9.99920804e-01 1.01139451e-18 3.61451192e-15
 2.91555627e-05 1.14526698e-06]
[1.53063375e-03 7.89453165e-09 2.40690787e-07 1.71905343e-01
 1.97176789e-13 8.25706506e-01 3.86075996e-09 4.56996557e-07
 8.56684001e-04 1.23627857e-07]
[3.27952131e-03 1.14939830e-05 2.07632363e-03 1.72923547e-02
 5.38372894e-10 1.25295730e-04 1.34987947e-04 4.25219198e-07
 9.77079550e-01 4.65365637e-08]
[1.94939068e-08 3.79009361e-07 3.43672941e-02 2.83412808e-02
 8.82050131e-01 2.07348049e-05 1.59333407e-07 1.87205118e-05
 5.52012278e-02 5.32957283e-08]
[1.76077273e-16 2.25900153e-09 1.99694261e-03 9.82171234e-01
 6.01653668e-12 1.13211915e-08 2.22435477e-17 7.18972645e-15
 1.58318099e-02 7.96278973e-16]
[9.99991279e-01 4.57139999e-33 1.68691310e-06 6.71431793e-15
 8.97252915e-17 2.79610654e-08 6.98728664e-06 9.32841706e-10
 9.70176316e-09 8.25110927e-09]
[2.49043232e-18 2.58863765e-15 3.91448982e-14 1.03078718e-06
 9.92633370e-01 4.46505386e-11 8.06512280e-20 6.02729264e-13
 7.62497937e-09 7.36559142e-03]
[5.52620313e-17 1.24531811e-12 3.95570814e-11 3.59292047e-07
 5.02827240e-15 1.89636915e-10 1.79900789e-19 8.68886440e-20
 9.99999640e-01 2.89569340e-16]
[2.53210079e-25 1.00000000e+00 6.16372634e-14 1.29734465e-11
 5.87104586e-16 1.08768928e-20 4.14822945e-17 3.76849139e-15
 4.87246839e-13 6.65743773e-18]
[6.17626305e-15 2.38510802e-30 9.72235361e-26 4.25428148e-04
 6.02033474e-20 9.99574572e-01 6.63763493e-35 4.13896251e-14
 2.41557928e-14 7.79319274e-16]
[1.77530473e-08 3.54429152e-14 3.92197596e-04 2.18880068e-13
 2.43533649e-06 1.43636204e-07 9.99605206e-01 3.21152898e-14
 1.54257171e-10 1.08595101e-16]
[1.53641625e-09 5.44165279e-17 5.74036287e-10 8.10123901e-16
 9.36749943e-20 4.44902992e-12 9.99999997e-01 1.11079535e-14
 5.50353561e-10 1.58323309e-18]
[7.94859896e-13 1.09512246e-16 2.43939824e-21 1.04592358e-05
 1.51816722e-13 5.98851437e-14 7.42869619e-25 9.99974740e-01
 2.98113542e-17 1.48006970e-05]
[8.71217046e-01 2.88711487e-23 5.69097101e-17 6.69295010e-14
 7.21639341e-17 1.59720584e-03 9.58979628e-05 1.29206942e-09
 1.27089849e-01 5.06301053e-12]
[1.69923949e-20 4.24815118e-11 4.35262418e-14 8.44728376e-10
 1.25911591e-11 1.54588745e-14 1.25416466e-23 9.99999993e-01
 3.57393946e-10 5.75417162e-09]
[7.43755349e-08 3.33380469e-12 9.49834181e-02 9.04301514e-01
 4.16854232e-13 4.48811499e-09 1.24184096e-09 2.93336258e-09
 7.14984920e-04 4.05640113e-12]
[9.91834048e-01 2.79816060e-25 8.13892348e-03 2.49174125e-10
 4.83290850e-25 2.40262037e-05 3.00191420e-06 4.07391271e-15
 4.23430828e-13 9.15501687e-17]
[1.98732448e-21 3.61518367e-20 7.39010881e-08 1.05660304e-21
 3.21985590e-10 7.80651118e-12 9.99999916e-01 1.17056230e-27
 9.71684826e-09 6.75188478e-18]
[1.00000000e+00 3.02601339e-25 3.48058405e-16 5.91158999e-17
 2.63909721e-27 3.59553306e-12 8.45027038e-11 2.06739142e-13
 5.26277343e-13 3.37859312e-22]
[3.81164895e-20 1.33188172e-34 1.04326922e-18 1.52999865e-19
 1.21990724e-07 2.83205602e-17 4.38211049e-28 2.73451135e-13
 2.33098390e-15 9.99999878e-01]
[4.99898730e-21 4.95055445e-11 9.99842270e-01 1.17116094e-07
 1.81128078e-10 1.05748605e-10 1.57515012e-04 1.66668402e-17
 9.75807887e-08 7.08965363e-22]
[1.48698219e-18 6.14855765e-24 8.84948923e-18 3.08624038e-15
 9.83121920e-01 4.57344185e-12 4.31702326e-22 2.91220143e-13
 8.89283680e-12 1.68780803e-02]
[1.96313613e-19 3.22563691e-16 2.35126623e-09 1.44484554e-07
 1.04730008e-01 3.33998967e-03 6.65589095e-09 1.56961623e-20
 8.91929846e-01 2.90749147e-09]
[3.77331774e-15 8.07355049e-10 1.56824340e-17 1.10191415e-08
 2.08347239e-14 6.34930009e-16 8.04007041e-19 9.99995582e-01
 3.45515867e-16 4.40630718e-06]
[2.95799463e-11 8.67685730e-02 7.99137971e-01 1.14087966e-01
 6.95916750e-14 1.71660200e-18 4.86704034e-06 3.05921145e-07
 3.13617124e-07 3.27872686e-09]
[1.76766821e-03 1.30230344e-13 3.29483716e-05 2.48072650e-03
 1.01347478e-13 8.31731067e-01 9.01089439e-07 1.90430942e-15
 1.63986688e-01 1.08432618e-09]
[3.97362412e-18 9.99926497e-01 7.18041851e-05 7.89239999e-07
 6.06549826e-10 4.52476982e-19 2.39214244e-15 1.86412067e-09
 9.07057386e-07 1.83819295e-11]
[1.17093619e-14 4.04337823e-14 7.41456811e-18 1.53543909e-17
 3.08411919e-22 7.22645991e-20 4.32141923e-26 9.99999999e-01
 3.87059916e-18 1.11180995e-09]
[8.41546414e-09 1.56573003e-04 9.42641454e-01 6.99307737e-05
 7.83066625e-14 1.06627300e-07 8.12550342e-09 4.09716292e-08
 5.71318786e-02 1.61213326e-13]
[1.12499499e-16 2.52312921e-33 1.43817760e-31 1.06949788e-22
 2.37266353e-29 7.33196344e-25 1.81307045e-29 1.00000000e+00
 9.77565611e-30 5.28155595e-15]
[1.04248845e-14 1.11929347e-33 8.44187389e-28 2.27352895e-23
 3.63685621e-30 1.38967265e-25 6.00491089e-29 1.00000000e+00
 1.28066277e-26 2.30976595e-15]
[5.21849866e-18 9.99999991e-01 2.70983326e-15 6.52201347e-09
 6.33673618e-11 2.47557301e-13 1.64629553e-15 5.76220514e-11
 1.94024336e-09 4.04054209e-16]
[1.95341059e-23 1.00000000e+00 9.66825958e-14 2.19305993e-11
 6.20419369e-11 1.68100082e-15 3.94375669e-15 1.59281915e-10
 1.95804305e-11 3.26573281e-15]
[2.89705130e-11 2.74527193e-07 9.69721091e-18 2.81984902e-10
 9.40850287e-12 9.99999723e-01 4.02653196e-12 6.09092838e-18
 1.76801191e-09 2.87793820e-13]
[4.11833663e-13 5.40541900e-22 1.18509856e-15 3.91581860e-15
 7.87390840e-04 6.77863457e-12 6.07353109e-19 7.56314877e-09
 2.31756737e-12 9.99212602e-01]
[7.73173503e-13 3.85171431e-14 9.98406573e-16 9.99999993e-01
 1.81711346e-23 7.90792505e-13 1.19840622e-15 7.23850841e-09
 1.06264502e-12 1.63556218e-27]
[7.16829852e-21 1.24363976e-22 4.36209761e-19 2.91950287e-17
 6.22149415e-14 2.55441868e-17 1.37321055e-19 6.76161434e-14
 9.44912674e-14 1.00000000e+00]
[4.22746058e-12 1.12924435e-05 2.03666614e-05 5.92454108e-09
 2.16051834e-13 3.46220094e-07 5.63056130e-11 1.13783031e-08
 9.99967960e-01 1.68565737e-08]
[8.84645997e-07 1.66356419e-17 1.20277110e-16 9.20552787e-12
 4.07037880e-13 9.79554665e-01 2.04395252e-02 2.68282744e-19
 1.21140414e-06 3.71346031e-06]
[1.00000000e+00 1.14718553e-36 1.47215953e-15 4.51400872e-22
 7.10520242e-22 4.53667867e-19 1.29879654e-10 5.16835763e-14
 8.60599573e-17 5.39674208e-28]
[2.47500304e-07 3.14934997e-14 2.89612212e-17 3.10330453e-16
 6.21172433e-14 9.87417348e-01 7.76536524e-03 1.26981732e-11
 4.81703914e-03 5.00158590e-10]
[3.42858979e-05 4.03046281e-16 2.05153418e-04 9.56479335e-08
 5.35447534e-01 8.00672339e-02 3.18784787e-01 1.33386690e-21
 6.54608908e-02 1.95712719e-08]
[9.73376507e-26 3.70591104e-45 4.42146610e-17 5.88702068e-38
 3.28528922e-15 1.82201332e-29 1.00000000e+00 5.17765367e-25
 2.01590777e-24 6.77178534e-17]
[7.07698152e-12 1.41897736e-27 1.96094347e-16 9.62295420e-18
 1.58073743e-20 1.74732026e-20 2.58906906e-20 1.00000000e+00
 1.01780462e-18 1.78757156e-10]
[3.77868234e-15 2.69086938e-20 8.36914496e-10 2.15516246e-09
 1.17903994e-03 2.00124321e-09 4.58839943e-16 1.17245135e-09
 6.21184441e-08 9.98820892e-01]
[6.55783233e-05 4.18115401e-05 8.19141773e-14 1.00073246e-04
 5.76462038e-18 9.99792385e-01 9.33484782e-08 9.82341920e-16
 5.82888227e-08 2.06802306e-17]
[2.96984232e-06 3.15189954e-13 5.17295914e-21 1.30026094e-14
 4.64175037e-17 9.99996970e-01 7.63940088e-16 1.13691006e-21
 6.01162008e-08 1.57171339e-18]
[4.07087323e-14 9.95604751e-01 3.92950898e-11 2.07481592e-11
 1.03794550e-04 1.14659162e-16 2.23739957e-18 3.22756841e-06
 1.87798698e-06 4.28634914e-03]
[7.07466394e-20 9.99999980e-01 1.60625699e-15 1.93229599e-08
 5.28482666e-10 1.21825245e-10 4.80315212e-16 2.08588234e-10
 2.77570557e-10 2.35756496e-15]
[6.78686892e-12 3.35227425e-20 2.35656840e-19 5.36252362e-09
 5.74656378e-25 9.99999992e-01 1.75779746e-10 1.48354294e-20
 2.44128441e-09 1.86825892e-19]
[2.87778732e-25 1.15496096e-30 2.15562390e-16 1.00000000e+00
 4.46403880e-23 4.78710638e-12 3.35024469e-36 3.80259313e-28
 1.79581688e-14 1.11111606e-33]
[1.61491910e-18 5.83576604e-22 6.07382273e-15 1.04695218e-25
 6.88270017e-17 2.40907163e-19 1.00000000e+00 4.05196732e-32
 2.82030344e-17 2.45551401e-27]
[1.77049731e-01 2.03953729e-18 2.77525557e-09 7.31595897e-01
 5.18849875e-06 5.33425671e-08 1.95518107e-07 5.09404353e-02
 2.81889809e-10 4.04084964e-02]
[2.62389133e-20 3.76193894e-14 1.74057215e-09 2.69434369e-01
 1.78071423e-08 1.64539647e-10 6.06057405e-23 7.78462205e-14
 7.30565611e-01 4.98616413e-16]
[1.08092979e-08 2.78897916e-01 1.53743350e-09 3.75102927e-11
 4.70679528e-14 9.32061257e-08 5.31853218e-01 6.10326249e-16
 1.89248761e-01 3.58102194e-19]
[5.62531087e-10 9.19766828e-16 1.31377484e-10 1.46547280e-07
 7.86329151e-20 9.99999850e-01 3.78356540e-14 1.16139147e-20
 2.29867851e-09 2.92205968e-26]
[1.00535236e-07 3.59463084e-17 4.91319638e-05 2.58151535e-05
 6.03155461e-13 3.50323587e-04 2.93419283e-14 4.00609607e-11
 9.99574629e-01 1.06367318e-16]
[1.63140544e-05 2.64606122e-12 3.71129913e-12 1.32702662e-16
 9.61698525e-01 3.88755222e-10 1.04392327e-07 3.82523666e-02
 3.22364306e-05 4.53646482e-07]
[1.39078395e-08 3.25375878e-25 8.48126336e-06 5.09774530e-18
 5.29695514e-08 2.20709663e-08 9.39164657e-01 1.43269280e-11
 1.12845174e-06 6.08256439e-02]
[1.30912000e-16 8.96524953e-24 2.85852056e-19 1.04862278e-05
 1.67201124e-20 9.99989514e-01 5.15406116e-26 1.93135492e-32
 4.01894485e-13 1.01202986e-28]
[6.56911126e-10 3.06206081e-14 5.55429982e-08 9.99993674e-01
 2.06595699e-08 6.22686572e-06 2.86688820e-16 2.16816566e-08
 2.48748249e-10 1.97429706e-11]
[1.27043826e-16 4.11927830e-26 8.24685243e-19 4.17137067e-13
 6.04253299e-02 8.93028064e-12 3.34938563e-25 2.36570650e-12
 6.93960503e-09 9.39574663e-01]
[1.65674109e-24 9.99999281e-01 7.17139990e-07 2.29638457e-16
 2.80452470e-22 2.04041932e-24 1.43980849e-22 5.63538258e-24
 1.64982908e-09 4.09842543e-25]
[1.21614009e-21 1.40753809e-21 1.57252425e-18 9.99927231e-01
 8.15194088e-13 7.27692647e-05 4.51513077e-27 1.36306691e-15
 8.78801716e-14 2.04295133e-19]
[5.48286986e-01 6.01975317e-19 6.47191530e-15 8.96548132e-18
 6.29686448e-05 2.64508840e-04 1.08570752e-11 4.50092262e-01
 5.38186002e-05 1.23945508e-03]
[5.17862235e-25 9.41403829e-36 6.10091203e-35 4.57579473e-21
 1.25707953e-22 1.39673390e-26 2.10381971e-39 1.00000000e+00
 3.78359910e-30 2.50891796e-14]
[2.05588473e-21 1.34666717e-46 1.00000000e+00 3.85782277e-30
 5.34129959e-19 2.89061771e-24 8.72178547e-12 1.43108813e-33
 5.46921892e-19 7.50331950e-23]
[3.08982658e-18 1.54884787e-05 3.01042969e-07 8.14693448e-01
 1.85260810e-01 2.64990696e-07 8.32889573e-16 7.90464609e-12
 2.75540308e-05 2.13347443e-06]
[3.20183848e-01 1.02706468e-26 3.73113752e-10 3.89199386e-14
 7.39348456e-14 6.79812993e-01 1.02715449e-06 7.00669660e-13
 2.13190989e-06 2.87546192e-19]
[2.55724607e-28 9.99959150e-01 4.08501846e-05 1.42075691e-14
 1.27307424e-23 1.20604321e-29 1.23833455e-28 1.30264931e-31
 5.17662555e-12 3.33428921e-29]
[1.85588596e-15 7.15427380e-16 3.41012032e-07 9.99943853e-01
 2.63665584e-13 1.20561958e-05 1.23043460e-21 4.45622804e-13
 4.37498534e-05 1.82564532e-15]
[1.00585534e-20 3.82957560e-17 1.87681148e-28 1.15173213e-18
 2.78949060e-14 1.00000000e+00 9.89881156e-29 6.45323702e-27
 5.43193674e-16 2.84932345e-15]
[5.27115307e-08 1.61535870e-07 1.11850298e-07 3.32604016e-02
 2.55642923e-16 9.66725395e-01 1.50140461e-08 4.46599097e-16
 1.38619684e-05 4.73822583e-19]
[1.87324943e-16 9.99999857e-01 1.94535332e-12 7.94910577e-08
 2.05358232e-08 3.03156678e-08 1.26045155e-14 1.08863536e-08
 2.20764982e-09 1.87865620e-12]
[9.99999998e-01 4.23687806e-33 3.19132284e-14 4.40659927e-13
 2.30198868e-35 1.46274518e-09 2.11393191e-11 5.61379026e-10
 9.06324204e-13 6.22516094e-27]
[3.55278595e-26 1.00000000e+00 1.94972865e-16 3.12626722e-14
 8.62473597e-17 3.26673769e-20 1.40957139e-13 3.56105937e-18
 4.11013246e-11 1.97539988e-17]
[6.02593741e-09 5.00367431e-08 8.48251804e-10 6.47965703e-06
 1.82022638e-18 7.35323506e-01 2.64300454e-01 7.76127697e-18
 3.69503780e-04 9.27886952e-27]
[1.39779261e-06 3.99348420e-07 8.13104823e-10 8.24808842e-07
 2.75847505e-05 2.73886333e-08 7.77715526e-10 9.81418530e-01
 1.34795974e-05 1.85377545e-02]
[1.23337905e-16 1.17203508e-13 9.99993979e-01 5.73473697e-06
 1.57527837e-17 3.87092492e-22 2.79931375e-07 2.70365135e-18
 5.86360374e-09 1.59328905e-22]
[1.23008405e-09 1.03864302e-17 2.68570577e-04 1.64702491e-09
 3.01833818e-13 7.52580218e-13 1.29677522e-14 9.95926380e-01
 3.22073329e-05 3.77283953e-03]
[8.73370008e-22 2.06001377e-44 1.00000000e+00 2.11387617e-21
 2.28082984e-30 5.47027419e-24 5.13173763e-23 3.93902297e-40
 1.97566734e-17 1.25831766e-32]
[2.43003274e-16 7.92294599e-27 2.70335711e-21 3.04400744e-16
 4.21552187e-01 3.91380219e-12 2.80238021e-24 3.29001314e-01
 5.09636468e-14 2.49446499e-01]
[2.18587817e-13 7.77862958e-03 1.81393536e-12 1.33085516e-11
 4.34761056e-03 2.21948633e-02 1.05919826e-03 1.20532591e-19
 9.64619693e-01 5.13244068e-09]
[6.07548572e-07 2.02371180e-12 9.99875027e-01 1.18879460e-07
 4.50252651e-21 1.10510148e-04 9.83059014e-06 5.44370658e-26
 3.90613771e-06 3.58248136e-28]
[9.36826276e-01 7.52357315e-30 1.66816285e-07 2.17548282e-09
 5.40085854e-11 6.31731003e-02 3.03166241e-17 2.36919152e-15
 4.54555509e-07 1.38678446e-16]
[9.98847016e-01 5.47781089e-15 4.83616985e-04 1.12856334e-07
 9.46558747e-16 1.95354396e-04 4.73710870e-04 1.10879356e-12
 1.81512645e-07 7.84938908e-09]
[8.22981062e-02 6.59987187e-21 8.69901807e-01 6.48186461e-14
 1.31551325e-21 1.25780796e-11 4.78000823e-02 3.54162548e-10
 3.27901932e-10 3.57846533e-09]
[7.52671234e-09 8.10111009e-18 9.27123018e-19 3.76780867e-12
 7.48327010e-13 4.42425354e-10 1.94943248e-15 9.95571464e-01
 1.07325518e-14 4.42852808e-03]
[7.02174437e-09 6.50112736e-20 2.42035791e-13 7.98368611e-05
 2.22931952e-16 9.98899781e-01 7.07270176e-10 2.93023179e-14
 1.02037436e-03 1.23550696e-11]
[6.32579587e-04 7.26421361e-07 2.10645937e-01 5.45861476e-03
 8.58840943e-09 4.49383391e-01 1.57027619e-01 5.03645843e-11
 1.76850812e-01 3.12041990e-07]
[1.53751994e-18 9.99955756e-01 1.98832996e-20 2.26938759e-09
 7.04998867e-08 8.81382593e-11 6.68316960e-24 4.29577822e-05
 2.36692625e-08 1.18948171e-06]
[6.43803620e-22 9.99999999e-01 1.39848351e-16 1.21557644e-09
 2.03425410e-11 9.45073713e-12 1.60467310e-17 1.55156092e-10
 6.30456791e-12 7.62997246e-16]
[1.21780760e-14 9.99999980e-01 7.74563206e-09 4.14716344e-09
 1.13076013e-13 2.90321241e-14 1.24620178e-09 5.18827719e-11
 6.37814576e-09 6.03984362e-11]
[2.02708076e-19 1.83454597e-31 3.05072500e-18 9.99999789e-01
 3.00308957e-20 2.11430431e-07 1.44514873e-31 1.31126620e-14
 6.19556467e-15 6.30656361e-23]
[3.98729262e-12 7.10786992e-03 6.68913547e-12 9.21734857e-15
 6.56246043e-17 1.14812766e-09 2.44093705e-06 1.65848224e-11
 9.92889688e-01 7.80143734e-12]
[1.76345025e-15 1.17604761e-13 5.18654016e-15 1.48529355e-08
 4.77521506e-01 2.33163303e-09 2.28501600e-10 3.52974847e-09
 5.22243769e-01 2.34704292e-04]
[1.12158375e-22 3.20116378e-13 5.44429490e-15 2.78029782e-13
 1.00000000e+00 5.84654772e-14 3.50960729e-15 6.25427910e-12
 3.10304846e-14 1.81751152e-13]
[9.91757704e-15 5.38058829e-07 1.81587794e-04 3.06894619e-01
 1.48975500e-14 6.92923223e-01 2.72745673e-08 5.97512483e-14
 5.63460022e-09 2.46798135e-17]
[1.06460297e-03 3.46945964e-11 9.98667977e-01 3.96909450e-11
 2.59635871e-12 1.53041799e-09 1.75057651e-04 8.36334934e-05
 8.00767117e-06 7.19856099e-07]
[1.56325301e-14 1.13217611e-06 7.58509864e-01 1.87541876e-01
 1.84276671e-09 3.01895314e-13 2.68879617e-07 1.93891691e-13
 5.39468567e-02 7.59313452e-22]
[1.73452023e-18 8.28477137e-26 9.99994584e-01 4.94973160e-08
 1.85529774e-27 4.68358363e-16 3.07668185e-14 1.42964990e-28
 5.36653436e-06 1.17476629e-35]
[7.86036201e-13 1.26421814e-10 3.53017396e-08 1.09045488e-14
 5.53617399e-11 2.11482747e-10 2.26774332e-19 2.61000064e-13
 9.99999964e-01 3.34796285e-14]
[2.55963360e-16 8.90115442e-18 8.56147224e-17 3.19494976e-09
 3.82986885e-08 3.20661268e-08 5.32912789e-16 9.58910373e-09
 3.93256587e-09 9.99999913e-01]
[3.81517105e-05 3.10664123e-14 2.88714602e-09 1.98313122e-11
 3.71551396e-20 3.81830909e-03 9.95802515e-01 2.12583781e-09
 3.41018706e-04 5.37726161e-12]
[5.62892808e-25 1.00000000e+00 1.50686383e-15 1.76069340e-14
 2.54206801e-22 1.15795193e-24 5.75042374e-16 2.44025824e-20
 3.35860270e-15 1.85188540e-18]
[6.56960792e-15 2.29311604e-28 2.89195813e-15 1.00000000e+00
 5.09924898e-19 4.00868910e-14 1.66876307e-25 1.87971604e-16
 5.78054551e-12 7.00880383e-29]
[9.99989296e-01 6.60890405e-14 8.23283103e-09 2.29851486e-07
 5.77826087e-10 3.38597179e-12 1.03991812e-05 2.52785616e-08
 4.10013233e-08 1.47136792e-10]
[9.09315359e-01 7.91880579e-12 8.95713400e-02 6.80521290e-04
 9.59238080e-07 1.69605009e-04 2.19136981e-04 1.05995031e-05
 5.53794482e-06 2.69407463e-05]
[2.18742428e-12 9.99997829e-01 2.50585187e-07 4.89986800e-08
 1.45211185e-20 2.42813726e-14 1.87073417e-06 1.16814192e-12
 1.03488753e-09 1.23678324e-13]
[8.09867001e-20 1.42432861e-21 1.27860851e-17 4.74422782e-17
 9.23229586e-12 2.96401153e-14 1.35414932e-21 1.99132411e-19
 9.99999996e-01 4.12265979e-09]
[1.66027002e-18 1.73014438e-24 3.65521975e-04 4.30305479e-22
 9.67081538e-16 5.21780923e-15 9.99634475e-01 1.03008542e-22
 3.23929730e-09 3.41691607e-20]
[3.59975510e-09 2.46341704e-07 8.18743341e-07 2.04561852e-07
 9.73084228e-02 1.69791788e-10 1.11117235e-06 3.42249506e-02
 3.66019922e-04 8.68098222e-01]
[1.40968077e-11 1.72453131e-16 6.81940165e-18 9.99996511e-01
 1.93852761e-13 3.48313096e-06 2.23259862e-21 5.85698955e-18
 5.87805041e-09 3.16845080e-16]
[5.88660163e-19 3.74667478e-22 1.81894083e-14 9.99999703e-01
 8.33325957e-18 2.96657047e-07 1.17035216e-26 1.68193569e-17
 3.22286361e-14 5.50436236e-29]
[5.74840901e-21 1.88418226e-17 3.15444431e-14 2.92039494e-17
 2.95083516e-20 4.13354835e-18 1.00000000e+00 2.52587640e-20
 1.84036946e-11 5.39393441e-26]
[5.21855752e-14 9.99999604e-01 4.62367258e-18 1.06889592e-10
 1.73826558e-08 7.94588722e-09 7.13243659e-13 1.84562355e-12
 3.70824349e-07 5.33737691e-12]
[1.24533173e-18 3.34520291e-13 2.84571876e-18 2.06125402e-06
 1.64221473e-06 6.15888688e-03 5.47416866e-15 2.04603052e-21
 9.93837410e-01 4.51861744e-11]
[9.99842275e-01 1.10070848e-18 4.09324359e-05 1.57434787e-06
 1.71689014e-18 8.07972911e-05 1.72485005e-05 1.09263695e-07
 1.70628687e-05 8.23659675e-13]
[8.15549118e-26 6.24599842e-15 2.25998556e-15 3.66602882e-12
 9.99999826e-01 2.40778720e-15 6.56992938e-20 1.71765723e-13
 1.49165465e-08 1.59268485e-07]
[1.00000000e+00 7.90068981e-31 7.28689691e-13 5.25532957e-18
 1.26799606e-31 9.05474937e-11 5.34362753e-11 1.48849358e-24
 4.33063293e-14 8.83095680e-30]
[1.00000000e+00 2.85318264e-46 2.33584290e-18 6.18263633e-27
 4.47212861e-51 2.56309745e-18 3.09441211e-14 5.72968712e-32
 1.47321615e-20 5.79518474e-41]
[4.16633464e-21 9.99999957e-01 4.30454489e-08 1.63283537e-10
 1.37084576e-18 3.46116280e-19 4.43624141e-16 1.80999141e-16
 1.47149762e-10 5.18065233e-17]
[4.20991057e-27 1.00000000e+00 8.18000300e-16 6.05160294e-13
 2.08468507e-15 6.64048090e-19 1.43869335e-16 3.09017645e-16
 1.80986931e-12 3.21214775e-20]
[4.19267338e-18 7.75685326e-12 3.05141561e-17 2.26661360e-11
 2.15366437e-04 2.04916977e-10 5.82251243e-17 3.66038108e-10
 3.95235260e-08 9.99784593e-01]
[5.91952785e-12 1.51110525e-18 3.54326257e-07 9.99960217e-01
 5.87861083e-20 4.20894010e-06 7.06530417e-17 5.71024964e-18
 3.52192725e-05 1.65344495e-31]
[8.31694003e-24 7.54120944e-15 1.69810151e-17 4.48202971e-15
 9.99999242e-01 1.10988488e-15 1.13651494e-22 3.77646000e-07
 2.11119933e-10 3.79781369e-07]
[4.42683779e-15 6.03734434e-09 9.99587929e-01 3.70173769e-12
 5.53696607e-29 2.24033368e-14 9.35271374e-10 1.75222775e-18
 4.12063880e-04 1.60281647e-30]
[6.42772341e-05 1.83509252e-20 6.75300949e-13 4.39608643e-14
 7.20536866e-13 1.76045934e-02 3.06534804e-13 6.36020837e-18
 9.82331087e-01 4.27522984e-08]
[4.68832280e-28 4.44572730e-20 4.14389235e-15 1.00000000e+00
 5.09106388e-19 1.02182560e-18 6.93614119e-30 1.48705380e-14
 2.88554076e-14 1.91720322e-22]
[7.17174807e-22 1.20193495e-03 2.29200298e-12 6.67656609e-06
 4.75704780e-06 4.29356988e-13 1.02501797e-20 1.19605495e-15
 9.98786631e-01 1.49295460e-16]
[6.49124267e-25 1.00000000e+00 4.53163878e-13 8.02279077e-14
 9.63885798e-21 7.48611546e-24 1.81154361e-17 6.17194879e-17
 7.17922914e-16 1.32229738e-17]
[8.80054401e-11 1.29653395e-15 2.76025670e-18 2.51672780e-12
 2.92231317e-22 1.00000000e+00 8.95346481e-17 5.06096182e-18
 4.79478384e-11 2.52847247e-18]
[2.05669241e-15 5.05559313e-07 2.33337559e-10 1.75588869e-03
 1.14737721e-07 2.55197314e-03 7.80462036e-12 1.93421234e-17
 9.95691518e-01 3.40834787e-11]
[1.82441445e-01 9.48019697e-12 2.01026591e-09 9.94426230e-06
 3.86333537e-23 1.87863312e-05 8.17529425e-01 1.52902736e-20
 3.96634326e-07 3.96072860e-29]
[2.07807355e-16 4.93654079e-18 8.08322164e-12 2.57240542e-14
 1.91548115e-15 1.16618512e-08 2.38452303e-22 1.03126409e-12
 9.99999988e-01 8.40446342e-15]
[9.99999996e-01 1.33525782e-34 1.17025302e-15 2.57958730e-19
 3.59086172e-37 1.50408587e-12 3.63926872e-09 1.84751046e-24
 4.75112842e-13 4.34157917e-32]
[1.20277048e-24 1.23321087e-19 3.08742959e-16 1.39727021e-13
 5.80716596e-09 1.21599735e-19 2.31025498e-34 9.99999994e-01
 2.68385337e-14 1.80513670e-11]
[8.78350792e-12 2.98256160e-05 1.00546948e-05 2.26546310e-02
 9.75088215e-01 1.43015252e-06 1.81441363e-13 2.17200452e-03
 3.99362118e-05 3.90308913e-06]
[9.46779979e-21 4.13057439e-18 8.87600854e-11 5.08411226e-01
 3.53046915e-19 4.91588774e-01 2.43262480e-20 3.99515557e-24
 2.99191570e-13 4.55253141e-26]
[9.99999324e-01 2.19800799e-27 6.31601952e-11 4.04271781e-09
 1.08592953e-27 6.71638744e-07 3.30621032e-14 8.05792365e-24
 1.00656177e-13 3.37465334e-25]
[8.11621505e-15 3.28231855e-12 9.99998569e-01 8.33995462e-08
 1.46770833e-20 1.95210662e-18 1.65590207e-09 9.91925723e-14
 1.34551281e-06 1.94932894e-20]
[4.28083138e-15 5.20469785e-19 9.99998803e-01 1.08506964e-18
 2.17848350e-09 1.78345412e-16 1.19432320e-06 5.86698611e-23
 2.44456593e-11 2.87923723e-12]
[5.05775232e-12 1.67748087e-29 5.53332350e-24 8.78472560e-18
 2.99978166e-18 1.82629504e-17 2.17222151e-26 9.99999976e-01
 7.28035368e-20 2.42385672e-08]
[8.43002634e-14 1.31276867e-15 2.88129805e-12 3.80307555e-18
 4.31218438e-15 5.63751758e-13 1.00000000e+00 1.60672353e-18
 1.56376082e-10 6.56280118e-20]
[1.24696755e-18 9.99999981e-01 1.84697875e-08 1.77733690e-10
 1.68624957e-16 8.19883841e-20 2.77314536e-15 1.24078098e-12
 2.12105849e-10 8.40704327e-15]
[4.44605905e-09 3.41741220e-25 9.99999741e-01 2.54093544e-07
 4.94920699e-19 4.13745944e-12 5.04094220e-21 2.65182793e-11
 2.60342800e-13 9.55793930e-21]
[2.27614186e-13 2.27911312e-18 2.09286539e-07 4.96848204e-09
 4.00844206e-07 3.83552437e-09 6.39894342e-12 7.38604557e-02
 5.21880408e-06 9.26133707e-01]
[5.22037401e-10 6.19073352e-14 1.64775996e-10 6.80932014e-12
 8.30208329e-15 2.32702627e-07 9.99999765e-01 1.58443219e-12
 1.99340932e-09 2.06256010e-14]
[1.01293097e-17 6.61354702e-22 7.02614862e-17 9.99999991e-01
 9.23737562e-15 8.98348204e-09 2.42711429e-25 8.63314930e-18
 2.80462512e-15 4.58962547e-16]
[2.90261536e-23 4.39543308e-26 1.75287289e-18 5.13835241e-07
 7.81130633e-06 1.56091864e-13 6.04744324e-29 5.01064000e-06
 1.05466306e-09 9.99986663e-01]
[1.15200699e-22 8.45871511e-38 1.22873264e-13 1.89288197e-16
 9.99998103e-01 1.73485176e-18 9.01329869e-22 1.87338583e-10
 1.42612631e-16 1.89688573e-06]
[6.70926526e-17 2.45844606e-23 6.63095399e-19 9.99999940e-01
 4.65729431e-18 4.90077951e-09 5.02011724e-32 5.52082217e-08
 1.46285214e-11 1.15340559e-14]
[3.60350531e-16 2.83085902e-13 8.01139376e-16 5.10545690e-09
 3.55250673e-10 4.72538664e-12 9.03818589e-18 9.99999691e-01
 4.27556279e-11 3.03856302e-07]
[1.61562510e-18 3.53420912e-13 4.12964895e-17 3.37255294e-12
 7.49112933e-10 3.08219187e-14 9.95044350e-21 3.27696932e-13
 9.99999802e-01 1.97684912e-07]
[7.90352135e-14 9.36863215e-24 3.16036439e-24 2.27763887e-22
 5.86428401e-11 3.94287840e-16 7.94612628e-29 9.99996318e-01
 3.63393159e-18 3.68184811e-06]
[1.79042998e-12 4.00425298e-13 1.39599309e-16 7.05062327e-04
 6.04392585e-11 3.64047468e-12 1.01329975e-18 9.21432795e-01
 3.83818446e-14 7.78621425e-02]
[1.13769137e-07 4.56603010e-17 1.87750130e-14 1.63136233e-16
 2.35689505e-04 3.91005169e-04 2.11071109e-18 1.45054275e-02
 9.84864921e-01 2.84296307e-06]
[3.74441853e-14 1.38300709e-11 1.91390182e-06 1.44445233e-12
 1.51976255e-12 1.21851170e-08 9.99998032e-01 1.11808217e-27
 4.15739430e-08 1.33350177e-21]
[9.95081664e-16 2.96624567e-14 2.30295248e-20 2.58488372e-10
 7.09226625e-06 1.32541421e-11 4.75799261e-21 2.80707973e-10
 8.27946627e-09 9.99992899e-01]
[9.90533247e-13 9.18866525e-01 1.55287770e-10 2.07183363e-11
 1.38086623e-14 1.06957522e-09 5.45786861e-02 9.19287058e-19
 2.65547876e-02 1.92551041e-17]
[7.44680602e-10 3.20181422e-26 8.96343108e-18 2.32832424e-11
 5.75627485e-01 9.53762628e-03 4.43390035e-18 4.71047579e-14
 4.14713525e-01 1.21362866e-04]
[7.49119793e-10 4.12760154e-28 1.16026261e-16 5.81400466e-29
 8.15925352e-01 1.03656487e-21 2.84531110e-18 4.44592642e-09
 1.09870884e-12 1.84074643e-01]
[5.15783533e-12 6.32213391e-05 2.62382291e-07 8.77297003e-01
 1.18537563e-01 3.19113454e-03 3.68846605e-13 6.90888329e-08
 9.10745219e-04 1.00223969e-09]
[2.68993062e-15 1.86927025e-17 2.53091620e-13 9.99951161e-01
 3.50420845e-20 4.88392662e-05 5.83660254e-20 6.62887838e-18
 6.68842808e-13 4.99102589e-24]
[7.68077838e-15 5.27708979e-32 2.79329651e-20 9.62809023e-15
 5.39782457e-12 5.27508059e-11 4.28654478e-25 1.38132149e-08
 9.99999973e-01 1.26505624e-08]
[9.99994766e-01 6.63873531e-27 5.10436083e-06 2.87403564e-18
 5.61500700e-18 8.95142125e-09 1.98992107e-08 1.44226222e-12
 9.20559096e-10 1.00354684e-07]
[3.55620316e-11 1.60395901e-02 2.96407942e-07 1.10980729e-01
 2.56571820e-06 1.84593477e-06 2.43903910e-07 8.72972148e-01
 2.58050607e-06 7.37033639e-10]

Process finished with exit code 0
